420
460
520
370
470
450
400
510
500
410
380
400
600
410
410
340
440
520
290
410
300
630
380
390
420
580
540
400
460
380
560
420
200
410
540
400
360
390
310
640
500
310
390
430
430
430
360
350
370
550
380
390
380
390
420
390
400
400
430
550
640
430
470
380
410
410
370
410
440
400
380
430
430
560
670
480
200
550
350
380
710
590
480
530
380
520
280
570
620
450
520
600
590
700
510
640
440
400
680
680
580
290
600
560
520
690
680
700
620
660
360
420
740
620
580
390
390
430
410
510
330
310
370
540
550
420
360
400
570
380
480
450
360
390
390
520
600
360
510
500
390
440
490
370
410
450
380
550
410
520
680
370
650
710
370
580
490
470
400
380
430
430
410
480
520
430
420
380
390
360
420
390
510
680
590
710
620
200
380
660
370
500
510
400
390
340
560
590
390
430
270
390
580
290
550
620
410
310
410
530
440
380
470
530
450
510
610
550
390
390
390
410
480
370
420
390
710
570
390
660
420
320
340
530
460
400
640
440
570
540
530
700
570
480
400
610
700
390
350
380
470
640
390
350
460
370
480
510
590
540
650
460
490
440
400
430
700
410
310
650
400
380
490
540
400
470
400
590
450
460
410
440
660
420
650
460
570
370
550
400
720
460
520
490
460
580
540
560
570
620
490
570
380
740
510
580
530
570
630
430
520
490
720
450
450
450
560
720
410
320
540
320
350
360
450
350
370
350
490
340
410
620
390
380
520
520
620
620
430
340
430
390
500
310
400
350
330
460
650
610
340
300
440
470
650
480
630
370
390
470
330
350
350
310
380
460
490
410
350
430
400
570
590
390
370
510
380
400
370
530
400
620
450
370
370
420
400
380
620
410
220
390
410
340
380
420
520
340
410
350
410
360
240
320
480
430
360
650
470
390
310
370
430
370
510
610
460
400
340
550
510
520
410
390
580
400
310
470
620
480
680
400
450
520
550
620
520
460
460
580
670
390
420
350
420
410
380
400
510
450
440
390
590
200
730
400
520
480
550
440
290
470
570
430
330
210
380
380
360
510
390
430
400
410
490
610
420
540
350
210
500
460
500
600
470
590
370
330
440
580
410
470
640
500
400
470
410
440
540
470
430
430
380
370
420
340
470
380
620
510
380
290
380
390
380
390
330
360
310
290
390
400
420
380
410
490
350
630
500
710
610
420
640
560
400
370
620
570
550
470
480
540
690
590
630
570
430
520
450
490
650
430
400
420
500
750
480
430
670
690
480
470
580
350
580
500
520
510
490
560
360
530
750
470
410
420
530
530
510
430
450
670
470
450
410
530
590
580
660
400
520
550
540
360
600
720
640
410
