250
410
470
310
440
400
510
510
420
350
480
370
420
400
440
280
500
650
420
370
270
650
370
410
500
640
560
400
450
290
460
410
200
480
440
370
340
390
380
660
340
260
380
530
520
430
390
200
320
500
400
450
320
400
430
440
200
200
350
520
510
370
560
330
360
440
440
390
510
420
480
410
470
530
650
480
290
450
200
380
620
550
370
400
330
500
350
550
660
200
440
540
520
540
570
410
420
320
700
510
520
200
460
540
520
500
470
710
410
480
280
430
500
440
510
450
390
390
450
430
360
370
480
610
410
270
330
370
610
370
500
510
400
390
380
400
510
350
550
350
410
520
470
250
260
390
370
520
410
570
620
430
470
640
320
390
400
380
370
390
450
560
380
410
360
280
400
370
320
450
420
410
520
540
500
600
590
350
390
600
460
540
570
380
420
400
500
450
350
470
310
210
520
200
400
490
410
260
390
550
460
370
470
470
350
340
470
610
460
340
280
440
510
400
480
310
580
440
310
700
540
290
320
530
440
380
350
490
580
560
450
460
510
250
510
550
640
520
370
370
600
560
360
350
520
420
480
630
630
380
640
280
470
560
410
340
690
470
320
650
390
410
460
530
200
340
520
580
480
530
500
420
530
310
430
380
410
390
630
390
620
250
360
320
420
650
340
470
640
550
450
410
390
650
490
370
480
320
370
400
390
350
550
300
330
310
290
570
350
230
480
210
370
290
430
320
380
360
630
220
490
500
440
460
500
440
470
630
360
400
330
430
490
330
550
420
430
380
590
390
300
280
420
400
610
560
540
360
410
500
370
340
320
310
360
450
410
200
350
440
400
540
590
380
380
450
430
380
310
490
400
540
390
380
300
430
420
390
350
390
320
390
480
360
390
510
490
340
340
200
370
370
200
380
650
420
390
720
520
490
360
360
450
270
420
530
430
500
530
410
550
490
320
200
520
390
350
580
440
380
460
470
500
530
550
590
520
430
520
530
500
500
370
350
560
440
380
430
550
590
310
460
400
360
670
330
480
450
490
470
330
350
520
430
290
410
380
390
200
260
420
430
320
390
470
590
380
510
210
430
360
500
420
520
400
500
310
340
490
610
440
370
530
490
510
690
400
550
530
420
510
320
390
460
480
310
540
450
620
500
350
200
340
470
240
430
350
210
490
200
420
340
420
290
400
540
330
300
440
410
460
280
500
420
200
200
490
570
460
410
490
400
390
680
310
500
410
440
360
300
390
360
480
370
460
400
370
200
420
430
310
470
490
310
540
630
350
470
620
360
270
400
620
430
480
340
510
490
350
380
400
490
450
410
520
480
440
480
610
320
380
370
470
320
440
610
620
360
