670
870
990
680
910
850
910
1020
920
760
860
770
1020
810
850
620
940
1170
710
780
570
1280
750
800
920
1220
1100
800
910
670
1020
830
400
890
980
770
700
780
690
1300
840
570
770
960
950
860
750
550
690
1050
780
840
700
790
850
830
600
600
780
1070
1150
800
1030
710
770
850
810
800
950
820
860
840
900
1090
1320
960
490
1000
550
760
1330
1140
850
930
710
1020
630
1120
1280
650
960
1140
1110
1240
1080
1050
860
720
1380
1190
1100
490
1060
1100
1040
1190
1150
1410
1030
1140
640
850
1240
1060
1090
840
780
820
860
940
690
680
850
1150
960
690
690
770
1180
750
980
960
760
780
770
920
1110
710
1060
850
800
960
960
620
670
840
750
1070
820
1090
1300
800
1120
1350
690
970
890
850
770
770
880
990
790
890
880
710
820
750
710
810
840
800
1030
1220
1090
1310
1210
550
770
1260
830
1040
1080
780
810
740
1060
1040
740
900
580
600
1100
490
950
1110
820
570
800
1080
900
750
940
1000
800
850
1080
1160
850
730
670
850
990
770
900
700
1290
1010
700
1360
960
610
660
1060
900
780
990
930
1150
1100
980
1160
1080
730
910
1160
1340
910
720
750
1070
1200
750
700
980
790
960
1140
1220
920
1290
740
960
1000
810
770
1390
880
630
1300
790
790
950
1070
600
810
920
1170
930
990
910
860
1190
730
1080
840
980
760
1180
790
1340
710
880
810
880
1230
880
1030
1210
1170
940
980
770
1390
1000
950
1010
890
1000
830
910
840
1270
750
780
760
850
1290
760
550
1020
530
720
650
880
670
750
710
1120
560
900
1120
830
840
1020
960
1090
1250
790
740
760
820
990
640
950
770
760
840
1240
1000
640
580
860
870
1260
1040
1170
730
800
970
700
690
670
620
740
910
900
610
700
870
800
1110
1180
770
750
960
810
780
680
1020
800
1160
840
750
670
850
820
770
970
800
540
780
890
700
770
930
1010
680
750
550
780
730
440
700
1130
850
750
1370
990
880
670
730
880
640
930
1140
890
900
870
960
1060
1010
730
590
1100
790
660
1050
1060
860
1140
870
950
1050
1100
1210
1040
890
980
1110
1170
890
790
700
980
850
760
830
1060
1040
750
850
990
560
1400
730
1000
930
1040
910
620
820
1090
860
620
620
760
770
560
770
810
860
720
800
960
1200
800
1050
560
640
860
960
920
1120
870
1090
680
670
930
1190
850
840
1170
990
910
1160
810
990
1070
890
940
750
770
830
900
650
1010
830
1240
1010
730
490
720
860
620
820
680
570
800
490
810
740
840
670
810
1030
680
930
940
1120
1070
700
1140
980
600
570
1110
1140
1010
880
970
940
1080
1270
940
1070
840
960
810
790
1040
790
880
790
960
1150
850
630
1090
1120
790
940
1070
660
1120
1130
870
980
1110
920
630
930
1370
900
890
760
1040
1020
860
810
850
1160
920
860
930
1010
1030
1060
1270
720
900
920
1010
680
1040
1330
1260
770
